SE2
-0.9 -0.9 0 
-0.81142 -0.922832 -0.0293132 
-0.72284 -0.945663 -0.0586264 
-0.63426 -0.968495 -0.0879396 
-0.54568 -0.991327 -0.117253 
-0.4571 -1.01416 -0.146566 
-0.36852 -1.03699 -0.175879 
-0.279941 -1.05982 -0.205192 
-0.191361 -1.08265 -0.234506 
-0.122263 -1.09536 -0.256218 
-0.0531655 -1.10806 -0.277931 
0.015932 -1.12076 -0.299644 
0.0850295 -1.13346 -0.321357 
0.203742 -1.14874 -0.357183 
0.322455 -1.16401 -0.393009 
0.402203 -1.15902 -0.413634 
0.481951 -1.15404 -0.434259 
0.542216 -1.13892 -0.447285 
0.602482 -1.1238 -0.46031 
0.623782 -1.08843 -0.458134 
0.645083 -1.05305 -0.455959 
0.666384 -1.01768 -0.453784 
0.687684 -0.982302 -0.451608 
0.708857 -0.908087 -0.440631 
0.73003 -0.833872 -0.429654 
0.751204 -0.759657 -0.418677 
0.772377 -0.685442 -0.407701 
0.808348 -0.555137 -0.388099 
0.84432 -0.424833 -0.368498 
0.88769 -0.266484 -0.344585 
0.931061 -0.108135 -0.320671 
0.960145 -0.000915381 -0.304403 
0.98923 0.106304 -0.288134 
1.01831 0.213523 -0.271865 
1.0474 0.320742 -0.255596 
1.08018 0.441984 -0.237171 
1.11297 0.563226 -0.218746 
1.14575 0.684467 -0.200321 
1.17853 0.805709 -0.181896 
1.20532 0.905233 -0.166738 
1.23211 1.00476 -0.15158 
1.2589 1.10428 -0.136422 
1.28569 1.20381 -0.121264 
1.31248 1.30333 -0.106106 
1.33927 1.40285 -0.0909482 
1.36606 1.50238 -0.0757902 
1.39284 1.6019 -0.0606322 
1.41963 1.70143 -0.0454741 
1.45982 1.85071 -0.0227371 
1.5 2 0 

